,Unnamed: 0,Frequency (Hz),Amplitude (dBm)
0,0,10000000,-45.13
1,1,10009000,-65.0
2,2,10018000,-78.32
3,3,10027000,-82.98
4,4,10036000,-82.89
5,5,10045000,-83.93
6,6,10054000,-83.26
7,7,10063000,-83.73
8,8,10072000,-83.07
9,9,10081000,-84.55
10,10,10090000,-82.98
11,11,10099000,-84.13
12,12,10108000,-84.13
13,13,10117000,-83.93
14,14,10126000,-84.99
15,15,10135000,-82.63
16,16,10144000,-83.73
17,17,10153000,-83.73
18,18,10162000,-83.44
19,19,10171000,-83.54
20,20,10180000,-85.22
21,21,10189000,-84.88
22,22,10198000,-83.93
23,23,10207000,-83.93
24,24,10216000,-83.26
25,25,10225000,-84.34
26,26,10234000,-84.66
27,27,10243000,-83.73
28,28,10252000,-84.77
29,29,10261000,-82.12
30,30,10270000,-84.77
31,31,10279000,-83.93
32,32,10288000,-84.03
33,33,10297000,-83.07
34,34,10306000,-83.93
35,35,10315000,-84.66
36,36,10324000,-82.29
37,37,10333000,-83.83
38,38,10342000,-81.96
39,39,10351000,-84.13
40,40,10360000,-84.34
41,41,10369000,-84.13
42,42,10378000,-84.99
43,43,10387000,-84.13
44,44,10396000,-82.98
45,45,10405000,-83.73
46,46,10414000,-82.45
47,47,10423000,-80.91
48,48,10432000,-84.88
49,49,10441000,-83.54
50,50,10450000,-83.83
51,51,10459000,-84.77
52,52,10468000,-82.98
53,53,10477000,-84.99
54,54,10486000,-84.13
55,55,10495000,-84.23
56,56,10504000,-82.71
57,57,10513000,-83.34
58,58,10522000,-82.98
59,59,10531000,-84.34
60,60,10540000,-82.45
61,61,10549000,-83.92
62,62,10558000,-83.34
63,63,10567000,-84.2
64,64,10576000,-83.41
65,65,10585000,-84.96
66,66,10594000,-83.31
67,67,10603000,-84.09
68,68,10612000,-83.7
69,69,10621000,-84.74
70,70,10630000,-82.95
71,71,10639000,-83.31
72,72,10648000,-83.5
73,73,10657000,-83.03
74,74,10666000,-83.03
75,75,10675000,-83.4
76,76,10684000,-83.4
77,77,10693000,-82.85
78,78,10702000,-83.03
79,79,10711000,-82.85
80,80,10720000,-83.31
81,81,10729000,-82.67
82,82,10738000,-84.84
83,83,10747000,-83.89
84,84,10756000,-83.79
85,85,10765000,-83.31
86,86,10774000,-84.84
87,87,10783000,-83.31
88,88,10792000,-83.31
89,89,10801000,-84.52
90,90,10810000,-82.08
91,91,10819000,-83.5
92,92,10828000,-84.96
93,93,10837000,-84.96
94,94,10846000,-83.99
95,95,10855000,-83.89
96,96,10864000,-83.69
97,97,10873000,-83.22
98,98,10882000,-82.25
99,99,10891000,-83.31
100,100,10900000,-83.89
101,101,10909000,-83.89
102,102,10918000,-83.99
103,103,10927000,-83.99
104,104,10936000,-82.59
105,105,10945000,-85.07
106,106,10954000,-84.62
107,107,10963000,-84.41
108,108,10972000,-84.95
109,109,10981000,-83.22
110,110,10990000,-83.99
111,111,10999000,-84.51
112,112,11008000,-84.09
113,113,11017000,-84.2
114,114,11026000,-83.99
115,115,11035000,-83.12
116,116,11044000,-83.22
117,117,11053000,-82.41
118,118,11062000,-82.59
119,119,11071000,-82.76
120,120,11080000,-82.17
121,121,11089000,-82.94
122,122,11098000,-84.41
123,123,11107000,-83.6
124,124,11116000,-82.76
125,125,11125000,-81.92
126,126,11134000,-83.4
127,127,11143000,-85.18
128,128,11152000,-83.12
129,129,11161000,-83.27
130,130,11170000,-84.7
131,131,11179000,-82.91
132,132,11188000,-85.63
133,133,11197000,-82.56
134,134,11206000,-84.27
135,135,11215000,-82.13
136,136,11224000,-83.46
137,137,11233000,-84.06
138,138,11242000,-82.64
139,139,11251000,-83.0
140,140,11260000,-82.72
141,141,11269000,-83.85
142,142,11278000,-83.37
143,143,11287000,-83.46
144,144,11296000,-84.92
145,145,11305000,-82.81
146,146,11314000,-83.56
147,147,11323000,-84.27
148,148,11332000,-83.66
149,149,11341000,-84.27
150,150,11350000,-83.27
151,151,11359000,-84.48
152,152,11368000,-83.46
153,153,11377000,-84.8
154,154,11386000,-84.27
155,155,11395000,-85.03
156,156,11404000,-84.48
157,157,11413000,-83.96
158,158,11422000,-83.46
159,159,11431000,-84.27
160,160,11440000,-83.08
161,161,11449000,-82.72
162,162,11458000,-84.26
163,163,11467000,-83.75
164,164,11476000,-82.91
165,165,11485000,-83.66
166,166,11494000,-81.88
167,167,11503000,-83.75
168,168,11512000,-84.48
169,169,11521000,-83.08
170,170,11530000,-83.75
171,171,11539000,-83.75
172,172,11548000,-82.21
173,173,11557000,-83.46
174,174,11566000,-82.91
175,175,11575000,-83.46
176,176,11584000,-82.91
177,177,11593000,-84.37
178,178,11602000,-84.48
179,179,11611000,-84.48
180,180,11620000,-83.36
181,181,11629000,-83.08
182,182,11638000,-83.95
183,183,11647000,-82.38
184,184,11656000,-83.75
185,185,11665000,-83.65
186,186,11674000,-83.36
187,187,11683000,-84.26
188,188,11692000,-83.75
189,189,11701000,-84.16
190,190,11710000,-83.65
191,191,11719000,-82.13
192,192,11728000,-82.63
193,193,11737000,-83.65
194,194,11746000,-83.18
195,195,11755000,-83.65
196,196,11764000,-84.69
197,197,11773000,-84.05
198,198,11782000,-83.27
199,199,11791000,-83.46
200,200,11800000,-83.85
201,201,11809000,-84.69
202,202,11818000,-83.46
203,203,11827000,-83.56
204,204,11836000,-82.37
205,205,11845000,-85.03
206,206,11854000,-83.85
207,207,11863000,-83.95
208,208,11872000,-82.21
209,209,11881000,-83.08
210,210,11890000,-82.9
211,211,11899000,-83.26
212,212,11908000,-84.05
213,213,11917000,-83.46
214,214,11926000,-82.81
215,215,11935000,-84.37
216,216,11944000,-83.56
217,217,11953000,-83.65
218,218,11962000,-83.08
219,219,11971000,-82.9
220,220,11980000,-84.26
221,221,11989000,-82.29
222,222,11998000,-84.47
223,223,12007000,-83.26
224,224,12016000,-80.9
225,225,12025000,-83.65
226,226,12034000,-84.8
227,227,12043000,-83.36
228,228,12052000,-84.47
229,229,12061000,-83.85
230,230,12070000,-82.99
231,231,12079000,-82.46
232,232,12088000,-83.95
233,233,12097000,-84.05
234,234,12106000,-82.9
235,235,12115000,-83.95
236,236,12124000,-84.91
237,237,12133000,-83.46
238,238,12142000,-82.9
239,239,12151000,-84.05
240,240,12160000,-83.26
241,241,12169000,-84.47
242,242,12178000,-83.84
243,243,12187000,-84.69
244,244,12196000,-84.69
245,245,12205000,-84.05
246,246,12214000,-84.05
247,247,12223000,-83.84
248,248,12232000,-83.55
249,249,12241000,-83.26
250,250,12250000,-83.08
251,251,12259000,-83.08
252,252,12268000,-82.9
253,253,12277000,-82.99
254,254,12286000,-84.05
255,255,12295000,-83.08
256,256,12304000,-84.47
257,257,12313000,-82.8
258,258,12322000,-82.63
259,259,12331000,-84.8
260,260,12340000,-83.08
261,261,12349000,-83.65
262,262,12358000,-84.08
263,263,12367000,-81.91
264,264,12376000,-84.61
265,265,12385000,-84.08
266,266,12394000,-82.32
267,267,12403000,-84.14
268,268,12412000,-84.04
269,269,12421000,-84.04
270,270,12430000,-83.45
271,271,12439000,-84.14
272,272,12448000,-83.93
273,273,12457000,-84.66
274,274,12466000,-83.84
275,275,12475000,-84.35
276,276,12484000,-84.14
277,277,12493000,-82.55
278,278,12502000,-84.35
279,279,12511000,-84.56
280,280,12520000,-85.59
281,281,12529000,-84.56
282,282,12538000,-82.46
283,283,12547000,-82.99
284,284,12556000,-84.35
285,285,12565000,-83.16
286,286,12574000,-84.13
287,287,12583000,-83.45
288,288,12592000,-84.66
289,289,12601000,-84.39
290,290,12610000,-83.87
291,291,12619000,-82.23
292,292,12628000,-83.68
293,293,12637000,-84.61
294,294,12646000,-84.72
295,295,12655000,-84.08
296,296,12664000,-84.94
297,297,12673000,-84.18
298,298,12682000,-83.58
299,299,12691000,-83.39
300,300,12700000,-82.58
301,301,12709000,-83.29
302,302,12718000,-84.5
303,303,12727000,-82.4
304,304,12736000,-85.06
305,305,12745000,-84.72
306,306,12754000,-84.18
307,307,12763000,-84.29
308,308,12772000,-83.39
309,309,12781000,-84.5
310,310,12790000,-84.18
311,311,12799000,-83.78
312,312,12808000,-84.08
313,313,12817000,-83.68
314,314,12826000,-83.2
315,315,12835000,-84.08
316,316,12844000,-85.05
317,317,12853000,-82.4
318,318,12862000,-83.98
319,319,12871000,-83.87
320,320,12880000,-83.48
321,321,12889000,-81.75
322,322,12898000,-83.68
323,323,12907000,-84.72
324,324,12916000,-84.18
325,325,12925000,-84.72
326,326,12934000,-84.82
327,327,12943000,-83.87
328,328,12952000,-84.07
329,329,12961000,-84.18
330,330,12970000,-84.07
331,331,12979000,-83.77
332,332,12988000,-84.6
333,333,12997000,-83.77
334,334,13006000,-84.82
335,335,13015000,-83.98
336,336,13024000,-82.23
337,337,13033000,-83.29
338,338,13042000,-82.23
339,339,13051000,-83.77
340,340,13060000,-84.5
341,341,13069000,-82.83
342,342,13078000,-85.41
343,343,13087000,-82.65
344,344,13096000,-82.83
345,345,13105000,-83.2
346,346,13114000,-83.02
347,347,13123000,-83.68
348,348,13132000,-84.28
349,349,13141000,-83.68
350,350,13150000,-82.83
351,351,13159000,-82.4
352,352,13168000,-84.18
353,353,13177000,-84.18
354,354,13186000,-84.18
355,355,13195000,-83.58
356,356,13204000,-82.93
357,357,13213000,-82.23
358,358,13222000,-84.07
359,359,13231000,-85.05
360,360,13240000,-82.06
361,361,13249000,-83.29
362,362,13258000,-81.82
363,363,13267000,-84.6
364,364,13276000,-83.68
365,365,13285000,-84.28
366,366,13294000,-83.38
367,367,13303000,-84.07
368,368,13312000,-85.29
369,369,13321000,-83.48
370,370,13330000,-83.87
371,371,13339000,-83.77
372,372,13348000,-83.38
373,373,13357000,-83.1
374,374,13366000,-84.28
375,375,13375000,-83.67
376,376,13384000,-83.2
377,377,13393000,-84.28
378,378,13402000,-82.92
379,379,13411000,-83.29
380,380,13420000,-83.77
381,381,13429000,-83.77
382,382,13438000,-84.28
383,383,13447000,-83.87
384,384,13456000,-84.49
385,385,13465000,-82.23
386,386,13474000,-84.93
387,387,13483000,-83.29
388,388,13492000,-82.23
389,389,13501000,-82.57
390,390,13510000,-84.71
391,391,13519000,-83.87
392,392,13528000,-82.74
393,393,13537000,-83.94
394,394,13546000,-82.54
395,395,13555000,-82.7
396,396,13564000,-83.74
397,397,13573000,-83.94
398,398,13582000,-84.25
399,399,13591000,-81.18
400,400,13600000,-84.14
401,401,13609000,-85.13
402,402,13618000,-84.04
403,403,13627000,-82.45
404,404,13636000,-82.36
405,405,13645000,-83.25
406,406,13654000,-82.98
407,407,13663000,-83.94
408,408,13672000,-84.68
409,409,13681000,-83.16
410,410,13690000,-83.64
411,411,13699000,-83.16
412,412,13708000,-83.54
413,413,13717000,-82.79
414,414,13726000,-82.98
415,415,13735000,-83.06
416,416,13744000,-82.54
417,417,13753000,-83.16
418,418,13762000,-84.25
419,419,13771000,-84.25
420,420,13780000,-84.68
421,421,13789000,-81.94
422,422,13798000,-84.9
423,423,13807000,-83.64
424,424,13816000,-83.83
425,425,13825000,-83.83
426,426,13834000,-84.03
427,427,13843000,-83.94
428,428,13852000,-83.83
429,429,13861000,-83.64
430,430,13870000,-84.25
431,431,13879000,-83.83
432,432,13888000,-83.83
433,433,13897000,-83.64
434,434,13906000,-83.25
435,435,13915000,-84.68
436,436,13924000,-83.64
437,437,13933000,-84.78
438,438,13942000,-84.9
439,439,13951000,-84.68
440,440,13960000,-83.16
441,441,13969000,-83.06
442,442,13978000,-83.83
443,443,13987000,-84.24
444,444,13996000,-83.25
445,445,14005000,-81.94
446,446,14014000,-84.46
447,447,14023000,-84.68
448,448,14032000,-84.03
449,449,14041000,-84.24
450,450,14050000,-84.46
451,451,14059000,-84.14
452,452,14068000,-84.9
453,453,14077000,-83.64
454,454,14086000,-83.06
455,455,14095000,-84.03
456,456,14104000,-83.73
457,457,14113000,-83.73
458,458,14122000,-84.24
459,459,14131000,-82.19
460,460,14140000,-83.54
461,461,14149000,-84.24
462,462,14158000,-83.73
463,463,14167000,-84.24
464,464,14176000,-84.03
465,465,14185000,-83.25
466,466,14194000,-84.24
467,467,14203000,-83.54
468,468,14212000,-83.16
469,469,14221000,-84.35
470,470,14230000,-83.44
471,471,14239000,-84.24
472,472,14248000,-83.63
473,473,14257000,-83.83
474,474,14266000,-85.12
475,475,14275000,-83.83
476,476,14284000,-83.73
477,477,14293000,-84.56
478,478,14302000,-82.19
479,479,14311000,-83.63
480,480,14320000,-83.06
481,481,14329000,-82.7
482,482,14338000,-82.79
483,483,14347000,-83.44
484,484,14356000,-82.79
485,485,14365000,-84.78
486,486,14374000,-84.14
487,487,14383000,-84.67
488,488,14392000,-84.35
489,489,14401000,-84.45
490,490,14410000,-83.16
491,491,14419000,-83.83
492,492,14428000,-83.16
493,493,14437000,-83.83
494,494,14446000,-83.24
495,495,14455000,-83.63
496,496,14464000,-82.97
497,497,14473000,-84.13
498,498,14482000,-83.63
499,499,14491000,-82.61
500,500,14500000,-83.63
501,501,14509000,-84.45
502,502,14518000,-81.54
503,503,14527000,-84.67
504,504,14536000,-83.63
505,505,14545000,-84.45
506,506,14554000,-83.83
507,507,14563000,-83.53
508,508,14572000,-83.53
509,509,14581000,-84.13
510,510,14590000,-82.78
511,511,14599000,-81.7
512,512,14608000,-83.83
513,513,14617000,-84.03
514,514,14626000,-83.53
515,515,14635000,-83.63
516,516,14644000,-84.03
517,517,14653000,-83.44
518,518,14662000,-84.78
519,519,14671000,-84.24
520,520,14680000,-83.06
521,521,14689000,-84.67
522,522,14698000,-83.82
523,523,14707000,-85.24
524,524,14716000,-84.09
525,525,14725000,-84.96
526,526,14734000,-84.31
527,527,14743000,-81.31
528,528,14752000,-84.96
529,529,14761000,-83.7
530,530,14770000,-84.0
531,531,14779000,-83.5
532,532,14788000,-83.12
533,533,14797000,-81.92
534,534,14806000,-85.31
535,535,14815000,-83.12
536,536,14824000,-83.5
537,537,14833000,-84.62
538,538,14842000,-83.5
539,539,14851000,-83.7
540,540,14860000,-83.12
541,541,14869000,-84.84
542,542,14878000,-84.2
543,543,14887000,-85.07
544,544,14896000,-83.4
545,545,14905000,-85.42
546,546,14914000,-85.19
547,547,14923000,-84.0
548,548,14932000,-84.09
549,549,14941000,-83.5
550,550,14950000,-83.99
551,551,14959000,-84.52
552,552,14968000,-85.92
553,553,14977000,-83.12
554,554,14986000,-83.99
555,555,14995000,-84.09
556,556,15004000,-85.55
557,557,15013000,-84.51
558,558,15022000,-84.09
559,559,15031000,-83.69
560,560,15040000,-85.18
561,561,15049000,-83.79
562,562,15058000,-84.09
563,563,15067000,-84.96
564,564,15076000,-83.12
565,565,15085000,-81.3
566,566,15094000,-83.31
567,567,15103000,-83.89
568,568,15112000,-84.09
569,569,15121000,-83.6
570,570,15130000,-84.3
571,571,15139000,-83.6
572,572,15148000,-84.51
573,573,15157000,-83.99
574,574,15166000,-84.84
575,575,15175000,-84.73
576,576,15184000,-83.99
577,577,15193000,-84.3
578,578,15202000,-82.94
579,579,15211000,-84.84
580,580,15220000,-83.79
581,581,15229000,-84.95
582,582,15238000,-83.89
583,583,15247000,-83.3
584,584,15256000,-84.3
585,585,15265000,-83.3
586,586,15274000,-82.59
587,587,15283000,-82.41
588,588,15292000,-83.5
589,589,15301000,-83.22
590,590,15310000,-83.69
591,591,15319000,-84.51
592,592,15328000,-83.69
593,593,15337000,-83.69
594,594,15346000,-84.62
595,595,15355000,-83.4
596,596,15364000,-84.73
597,597,15373000,-83.59
598,598,15382000,-83.89
599,599,15391000,-83.69
600,600,15400000,-82.25
601,601,15409000,-84.51
602,602,15418000,-84.73
603,603,15427000,-83.89
604,604,15436000,-82.76
605,605,15445000,-85.18
606,606,15454000,-83.5
607,607,15463000,-84.95
608,608,15472000,-84.41
609,609,15481000,-83.69
610,610,15490000,-84.95
611,611,15499000,-83.69
612,612,15508000,-84.41
613,613,15517000,-84.09
614,614,15526000,-83.5
615,615,15535000,-82.94
616,616,15544000,-82.24
617,617,15553000,-84.4
618,618,15562000,-84.09
619,619,15571000,-82.94
620,620,15580000,-84.19
621,621,15589000,-82.33
622,622,15598000,-84.84
623,623,15607000,-84.09
624,624,15616000,-84.62
625,625,15625000,-84.51
626,626,15634000,-84.62
627,627,15643000,-83.69
628,628,15652000,-84.73
629,629,15661000,-83.88
630,630,15670000,-84.19
631,631,15679000,-83.69
632,632,15688000,-85.07
633,633,15697000,-84.4
634,634,15706000,-83.3
635,635,15715000,-83.4
636,636,15724000,-84.19
637,637,15733000,-84.09
638,638,15742000,-85.3
639,639,15751000,-83.49
640,640,15760000,-83.99
641,641,15769000,-82.59
642,642,15778000,-83.21
643,643,15787000,-83.69
644,644,15796000,-85.91
645,645,15805000,-84.51
646,646,15814000,-83.11
647,647,15823000,-84.51
648,648,15832000,-85.18
649,649,15841000,-83.69
650,650,15850000,-84.4
651,651,15859000,-84.3
652,652,15868000,-84.19
653,653,15877000,-83.49
654,654,15886000,-83.59
655,655,15895000,-82.41
656,656,15904000,-83.49
657,657,15913000,-83.69
658,658,15922000,-83.3
659,659,15931000,-82.94
660,660,15940000,-84.3
661,661,15949000,-84.83
662,662,15958000,-84.83
663,663,15967000,-84.08
664,664,15976000,-82.33
665,665,15985000,-81.45
666,666,15994000,-83.21
667,667,16003000,-83.69
668,668,16012000,-83.59
669,669,16021000,-83.11
670,670,16030000,-84.3
671,671,16039000,-84.73
672,672,16048000,-85.3
673,673,16057000,-84.51
674,674,16066000,-84.51
675,675,16075000,-81.91
676,676,16084000,-83.69
677,677,16093000,-82.84
678,678,16102000,-83.49
679,679,16111000,-84.29
680,680,16120000,-84.08
681,681,16129000,-84.51
682,682,16138000,-84.08
683,683,16147000,-84.83
684,684,16156000,-83.3
685,685,16165000,-83.99
686,686,16174000,-85.18
687,687,16183000,-84.29
688,688,16192000,-85.54
689,689,16201000,-83.11
690,690,16210000,-83.59
691,691,16219000,-84.95
692,692,16228000,-84.29
693,693,16237000,-84.95
694,694,16246000,-84.29
695,695,16255000,-84.5
696,696,16264000,-85.3
697,697,16273000,-84.83
698,698,16282000,-83.78
699,699,16291000,-84.08
700,700,16300000,-83.88
701,701,16309000,-83.21
702,702,16318000,-83.68
703,703,16327000,-84.5
704,704,16336000,-82.75
705,705,16345000,-84.29
706,706,16354000,-84.72
707,707,16363000,-83.02
708,708,16372000,-84.5
709,709,16381000,-83.88
710,710,16390000,-84.4
711,711,16399000,-83.49
712,712,16408000,-84.19
713,713,16417000,-83.68
714,714,16426000,-83.3
715,715,16435000,-83.3
716,716,16444000,-83.11
717,717,16453000,-84.08
718,718,16462000,-82.75
719,719,16471000,-82.93
720,720,16480000,-84.33
721,721,16489000,-81.53
722,722,16498000,-83.33
723,723,16507000,-84.88
724,724,16516000,-83.42
725,725,16525000,-83.32
726,726,16534000,-82.68
727,727,16543000,-83.23
728,728,16552000,-83.23
729,729,16561000,-85.34
730,730,16570000,-83.71
731,731,16579000,-83.71
732,732,16588000,-84.12
733,733,16597000,-82.42
734,734,16606000,-83.81
735,735,16615000,-84.66
736,736,16624000,-83.62
737,737,16633000,-82.0
738,738,16642000,-82.87
739,739,16651000,-85.11
740,740,16660000,-83.52
741,741,16669000,-84.43
742,742,16678000,-82.68
743,743,16687000,-83.52
744,744,16696000,-84.22
745,745,16705000,-84.22
746,746,16714000,-83.61
747,747,16723000,-83.42
748,748,16732000,-82.95
749,749,16741000,-83.61
750,750,16750000,-83.42
751,751,16759000,-83.42
752,752,16768000,-84.01
753,753,16777000,-83.81
754,754,16786000,-83.14
755,755,16795000,-83.81
756,756,16804000,-83.42
757,757,16813000,-84.54
758,758,16822000,-83.04
759,759,16831000,-84.33
760,760,16840000,-83.14
761,761,16849000,-83.42
762,762,16858000,-84.43
763,763,16867000,-83.14
764,764,16876000,-84.12
765,765,16885000,-83.22
766,766,16894000,-84.87
767,767,16903000,-84.65
768,768,16912000,-83.81
769,769,16921000,-84.99
770,770,16930000,-84.43
771,771,16939000,-82.86
772,772,16948000,-85.1
773,773,16957000,-84.01
774,774,16966000,-82.86
775,775,16975000,-84.43
776,776,16984000,-83.52
777,777,16993000,-83.52
778,778,17002000,-85.34
779,779,17011000,-83.04
780,780,17020000,-84.99
781,781,17029000,-85.46
782,782,17038000,-83.22
783,783,17047000,-83.61
784,784,17056000,-83.71
785,785,17065000,-82.9
786,786,17074000,-83.26
787,787,17083000,-82.54
788,788,17092000,-83.35
789,789,17101000,-84.69
790,790,17110000,-83.35
791,791,17119000,-83.84
792,792,17128000,-84.04
793,793,17137000,-84.57
794,794,17146000,-83.45
795,795,17155000,-83.64
796,796,17164000,-83.64
797,797,17173000,-81.87
798,798,17182000,-82.45
799,799,17191000,-83.84
800,800,17200000,-84.46
801,801,17209000,-84.68
802,802,17218000,-84.36
803,803,17227000,-83.45
804,804,17236000,-83.35
805,805,17245000,-83.64
806,806,17254000,-84.04
807,807,17263000,-84.04
808,808,17272000,-83.55
809,809,17281000,-84.25
810,810,17290000,-84.25
811,811,17299000,-82.8
812,812,17308000,-84.04
813,813,17317000,-84.57
814,814,17326000,-84.36
815,815,17335000,-84.36
816,816,17344000,-85.37
817,817,17353000,-83.25
818,818,17362000,-83.74
819,819,17371000,-84.68
820,820,17380000,-84.25
821,821,17389000,-84.46
822,822,17398000,-84.04
823,823,17407000,-83.84
824,824,17416000,-83.84
825,825,17425000,-84.04
826,826,17434000,-83.84
827,827,17443000,-82.89
828,828,17452000,-84.04
829,829,17461000,-83.94
830,830,17470000,-84.68
831,831,17479000,-83.17
832,832,17488000,-83.45
833,833,17497000,-83.25
834,834,17506000,-85.13
835,835,17515000,-82.98
836,836,17524000,-82.54
837,837,17533000,-83.64
838,838,17542000,-85.13
839,839,17551000,-82.12
840,840,17560000,-84.46
841,841,17569000,-84.25
842,842,17578000,-84.14
843,843,17587000,-84.46
844,844,17596000,-85.37
845,845,17605000,-83.45
846,846,17614000,-85.13
847,847,17623000,-84.68
848,848,17632000,-84.14
849,849,17641000,-83.54
850,850,17650000,-84.57
851,851,17659000,-83.07
852,852,17668000,-85.1
853,853,17677000,-84.0
854,854,17686000,-84.22
855,855,17695000,-83.61
856,856,17704000,-84.43
857,857,17713000,-83.32
858,858,17722000,-84.43
859,859,17731000,-85.58
860,860,17740000,-83.32
861,861,17749000,-85.33
862,862,17758000,-83.22
863,863,17767000,-83.7
864,864,17776000,-83.03
865,865,17785000,-83.61
866,866,17794000,-84.43
867,867,17803000,-84.11
868,868,17812000,-84.32
869,869,17821000,-81.59
870,870,17830000,-83.7
871,871,17839000,-82.76
872,872,17848000,-84.75
873,873,17857000,-83.22
874,874,17866000,-84.32
875,875,17875000,-83.61
876,876,17884000,-85.1
877,877,17893000,-82.5
878,878,17902000,-84.65
879,879,17911000,-83.9
880,880,17920000,-84.21
881,881,17929000,-84.42
882,882,17938000,-84.11
883,883,17947000,-82.58
884,884,17956000,-84.0
885,885,17965000,-84.21
886,886,17974000,-84.0
887,887,17983000,-84.53
888,888,17992000,-82.67
889,889,18001000,-84.53
890,890,18010000,-83.03
891,891,18019000,-82.85
892,892,18028000,-82.5
893,893,18037000,-82.41
894,894,18046000,-84.32
895,895,18055000,-83.6
896,896,18064000,-84.64
897,897,18073000,-83.51
898,898,18082000,-83.8
899,899,18091000,-84.21
900,900,18100000,-82.76
901,901,18109000,-83.6
902,902,18118000,-84.64
903,903,18127000,-83.8
904,904,18136000,-84.11
905,905,18145000,-84.86
906,906,18154000,-84.42
907,907,18163000,-84.21
908,908,18172000,-82.94
909,909,18181000,-83.51
910,910,18190000,-85.33
911,911,18199000,-84.0
912,912,18208000,-83.21
913,913,18217000,-84.64
914,914,18226000,-84.64
915,915,18235000,-83.41
916,916,18244000,-84.21
917,917,18253000,-82.85
918,918,18262000,-85.73
919,919,18271000,-82.44
920,920,18280000,-83.25
921,921,18289000,-84.35
922,922,18298000,-83.16
923,923,18307000,-84.56
924,924,18316000,-85.13
925,925,18325000,-84.03
926,926,18334000,-83.83
927,927,18343000,-84.68
928,928,18352000,-84.78
929,929,18361000,-83.25
930,930,18370000,-82.44
931,931,18379000,-84.24
932,932,18388000,-83.63
933,933,18397000,-83.54
934,934,18406000,-82.53
935,935,18415000,-82.53
936,936,18424000,-84.14
937,937,18433000,-82.44
938,938,18442000,-84.03
939,939,18451000,-84.14
940,940,18460000,-83.06
941,941,18469000,-83.93
942,942,18478000,-83.06
943,943,18487000,-85.36
944,944,18496000,-84.89
945,945,18505000,-83.83
946,946,18514000,-84.67
947,947,18523000,-83.25
948,948,18532000,-84.03
949,949,18541000,-84.89
950,950,18550000,-83.16
951,951,18559000,-84.35
952,952,18568000,-83.24
953,953,18577000,-84.67
954,954,18586000,-84.03
955,955,18595000,-83.63
956,956,18604000,-83.54
957,957,18613000,-84.14
958,958,18622000,-83.24
959,959,18631000,-85.12
960,960,18640000,-83.83
961,961,18649000,-84.35
962,962,18658000,-83.73
963,963,18667000,-84.24
964,964,18676000,-84.24
965,965,18685000,-84.67
966,966,18694000,-83.83
967,967,18703000,-84.89
968,968,18712000,-83.83
969,969,18721000,-84.35
970,970,18730000,-83.44
971,971,18739000,-82.88
972,972,18748000,-81.62
973,973,18757000,-83.83
974,974,18766000,-84.13
975,975,18775000,-82.7
976,976,18784000,-84.03
977,977,18793000,-83.53
978,978,18802000,-83.06
979,979,18811000,-82.53
980,980,18820000,-83.44
981,981,18829000,-84.35
982,982,18838000,-84.45
983,983,18847000,-84.24
984,984,18856000,-83.73
985,985,18865000,-82.61
986,986,18874000,-82.61
987,987,18883000,-81.54
988,988,18892000,-83.63
989,989,18901000,-84.24
990,990,18910000,-82.88
991,991,18919000,-83.73
992,992,18928000,-84.45
993,993,18937000,-84.03
994,994,18946000,-84.67
995,995,18955000,-84.78
996,996,18964000,-83.63
997,997,18973000,-84.03
998,998,18982000,-85.12
999,999,18991000,-84.45
1000,1000,19000000,-84.45
1001,1001,19009000,-83.15
1002,1002,19018000,-85.01
1003,1003,19027000,-83.73
1004,1004,19036000,-83.63
1005,1005,19045000,-81.17
1006,1006,19054000,-84.78
1007,1007,19063000,-84.24
1008,1008,19072000,-83.63
1009,1009,19081000,-84.55
1010,1010,19090000,-83.82
1011,1011,19099000,-83.73
1012,1012,19108000,-84.55
1013,1013,19117000,-83.24
1014,1014,19126000,-83.43
1015,1015,19135000,-84.24
1016,1016,19144000,-83.06
1017,1017,19153000,-84.45
1018,1018,19162000,-84.02
1019,1019,19171000,-83.43
1020,1020,19180000,-84.45
1021,1021,19189000,-84.02
1022,1022,19198000,-84.67
1023,1023,19207000,-82.69
1024,1024,19216000,-83.72
1025,1025,19225000,-82.97
1026,1026,19234000,-84.77
1027,1027,19243000,-83.15
1028,1028,19252000,-83.63
1029,1029,19261000,-82.35
1030,1030,19270000,-83.05
1031,1031,19279000,-84.24
1032,1032,19288000,-83.24
1033,1033,19297000,-81.47
1034,1034,19306000,-82.52
1035,1035,19315000,-84.45
1036,1036,19324000,-83.24
1037,1037,19333000,-83.53
1038,1038,19342000,-84.24
1039,1039,19351000,-82.18
1040,1040,19360000,-84.45
1041,1041,19369000,-84.55
1042,1042,19378000,-83.93
1043,1043,19387000,-83.43
1044,1044,19396000,-85.12
1045,1045,19405000,-84.13
1046,1046,19414000,-83.15
1047,1047,19423000,-83.53
1048,1048,19432000,-84.89
1049,1049,19441000,-82.88
1050,1050,19450000,-83.72
1051,1051,19459000,-84.89
1052,1052,19468000,-83.43
1053,1053,19477000,-84.23
1054,1054,19486000,-83.15
1055,1055,19495000,-82.88
1056,1056,19504000,-84.89
1057,1057,19513000,-83.93
1058,1058,19522000,-83.33
1059,1059,19531000,-84.02
1060,1060,19540000,-83.63
1061,1061,19549000,-83.92
1062,1062,19558000,-83.33
1063,1063,19567000,-83.72
1064,1064,19576000,-83.43
1065,1065,19585000,-84.34
1066,1066,19594000,-84.02
1067,1067,19603000,-84.34
1068,1068,19612000,-83.82
1069,1069,19621000,-85.0
1070,1070,19630000,-83.82
1071,1071,19639000,-84.66
1072,1072,19648000,-85.11
1073,1073,19657000,-82.78
1074,1074,19666000,-84.66
1075,1075,19675000,-83.43
1076,1076,19684000,-82.78
1077,1077,19693000,-84.55
1078,1078,19702000,-84.44
1079,1079,19711000,-85.11
1080,1080,19720000,-83.24
1081,1081,19729000,-84.66
1082,1082,19738000,-82.78
1083,1083,19747000,-83.24
1084,1084,19756000,-84.88
1085,1085,19765000,-84.77
1086,1086,19774000,-84.66
1087,1087,19783000,-82.26
1088,1088,19792000,-83.43
1089,1089,19801000,-83.62
1090,1090,19810000,-84.66
1091,1091,19819000,-83.82
1092,1092,19828000,-84.02
1093,1093,19837000,-83.62
1094,1094,19846000,-83.72
1095,1095,19855000,-84.02
1096,1096,19864000,-83.72
1097,1097,19873000,-84.13
1098,1098,19882000,-83.82
1099,1099,19891000,-83.33
1100,1100,19900000,-84.55
1101,1101,19909000,-85.11
1102,1102,19918000,-82.01
1103,1103,19927000,-84.23
1104,1104,19936000,-83.72
1105,1105,19945000,-82.1
1106,1106,19954000,-82.18
1107,1107,19963000,-82.6
1108,1108,19972000,-82.26
1109,1109,19981000,-77.9
1110,1110,19990000,-66.05
1111,1111,19999000,-45.71
1112,1112,20008000,-62.38
1113,1113,20017000,-77.21
1114,1114,20026000,-81.77
1115,1115,20035000,-82.84
1116,1116,20044000,-83.01
1117,1117,20053000,-82.93
1118,1118,20062000,-84.2
1119,1119,20071000,-83.39
1120,1120,20080000,-82.74
1121,1121,20089000,-83.2
1122,1122,20098000,-83.59
1123,1123,20107000,-83.89
1124,1124,20116000,-84.2
1125,1125,20125000,-83.2
1126,1126,20134000,-82.84
1127,1127,20143000,-83.98
1128,1128,20152000,-81.81
1129,1129,20161000,-83.3
1130,1130,20170000,-83.3
1131,1131,20179000,-83.89
1132,1132,20188000,-83.39
1133,1133,20197000,-82.65
1134,1134,20206000,-82.74
1135,1135,20215000,-84.3
1136,1136,20224000,-83.2
1137,1137,20233000,-83.39
1138,1138,20242000,-83.98
1139,1139,20251000,-83.68
1140,1140,20260000,-84.41
1141,1141,20269000,-83.29
1142,1142,20278000,-83.59
1143,1143,20287000,-84.51
1144,1144,20296000,-84.73
1145,1145,20305000,-84.19
1146,1146,20314000,-83.59
1147,1147,20323000,-83.2
1148,1148,20332000,-83.59
1149,1149,20341000,-83.39
1150,1150,20350000,-83.01
1151,1151,20359000,-85.08
1152,1152,20368000,-84.19
1153,1153,20377000,-84.3
1154,1154,20386000,-84.41
1155,1155,20395000,-83.58
1156,1156,20404000,-84.51
1157,1157,20413000,-84.85
1158,1158,20422000,-84.51
1159,1159,20431000,-83.58
1160,1160,20440000,-84.4
1161,1161,20449000,-83.88
1162,1162,20458000,-84.19
1163,1163,20467000,-84.19
1164,1164,20476000,-82.23
1165,1165,20485000,-84.09
1166,1166,20494000,-84.85
1167,1167,20503000,-84.4
1168,1168,20512000,-82.39
1169,1169,20521000,-83.78
1170,1170,20530000,-84.4
1171,1171,20539000,-83.88
1172,1172,20548000,-83.2
1173,1173,20557000,-83.01
1174,1174,20566000,-84.19
1175,1175,20575000,-83.49
1176,1176,20584000,-83.58
1177,1177,20593000,-83.98
1178,1178,20602000,-82.3
1179,1179,20611000,-82.65
1180,1180,20620000,-83.39
1181,1181,20629000,-83.84
1182,1182,20638000,-83.65
1183,1183,20647000,-84.36
1184,1184,20656000,-84.69
1185,1185,20665000,-83.84
1186,1186,20674000,-84.36
1187,1187,20683000,-85.26
1188,1188,20692000,-83.55
1189,1189,20701000,-83.84
1190,1190,20710000,-84.69
1191,1191,20719000,-82.9
1192,1192,20728000,-84.26
1193,1193,20737000,-83.55
1194,1194,20746000,-84.36
1195,1195,20755000,-83.36
1196,1196,20764000,-85.62
1197,1197,20773000,-83.17
1198,1198,20782000,-84.79
1199,1199,20791000,-82.99
1200,1200,20800000,-84.69
1201,1201,20809000,-83.65
1202,1202,20818000,-83.84
1203,1203,20827000,-84.47
1204,1204,20836000,-84.04
1205,1205,20845000,-84.47
1206,1206,20854000,-84.15
1207,1207,20863000,-84.15
1208,1208,20872000,-84.69
1209,1209,20881000,-84.79
1210,1210,20890000,-85.14
1211,1211,20899000,-82.9
1212,1212,20908000,-84.57
1213,1213,20917000,-85.5
1214,1214,20926000,-83.07
1215,1215,20935000,-83.65
1216,1216,20944000,-83.95
1217,1217,20953000,-83.45
1218,1218,20962000,-83.84
1219,1219,20971000,-84.91
1220,1220,20980000,-83.07
1221,1221,20989000,-84.91
1222,1222,20998000,-83.45
1223,1223,21007000,-84.69
1224,1224,21016000,-84.69
1225,1225,21025000,-83.84
1226,1226,21034000,-83.45
1227,1227,21043000,-83.26
1228,1228,21052000,-84.69
1229,1229,21061000,-84.57
1230,1230,21070000,-85.37
1231,1231,21079000,-84.25
1232,1232,21088000,-83.26
1233,1233,21097000,-82.54
1234,1234,21106000,-84.25
1235,1235,21115000,-82.71
1236,1236,21124000,-84.04
1237,1237,21133000,-84.91
1238,1238,21142000,-83.07
1239,1239,21151000,-84.04
1240,1240,21160000,-84.69
1241,1241,21169000,-83.45
1242,1242,21178000,-83.35
1243,1243,21187000,-83.26
1244,1244,21196000,-83.65
1245,1245,21205000,-83.45
1246,1246,21214000,-84.36
1247,1247,21223000,-83.77
1248,1248,21232000,-84.4
1249,1249,21241000,-84.62
1250,1250,21250000,-83.58
1251,1251,21259000,-85.55
1252,1252,21268000,-83.58
1253,1253,21277000,-83.97
1254,1254,21286000,-83.97
1255,1255,21295000,-83.88
1256,1256,21304000,-83.58
1257,1257,21313000,-83.77
1258,1258,21322000,-83.58
1259,1259,21331000,-84.62
1260,1260,21340000,-82.73
1261,1261,21349000,-83.58
1262,1262,21358000,-83.1
1263,1263,21367000,-84.08
1264,1264,21376000,-85.07
1265,1265,21385000,-84.29
1266,1266,21394000,-82.92
1267,1267,21403000,-84.29
1268,1268,21412000,-85.07
1269,1269,21421000,-83.38
1270,1270,21430000,-84.4
1271,1271,21439000,-84.84
1272,1272,21448000,-81.8
1273,1273,21457000,-82.47
1274,1274,21466000,-83.58
1275,1275,21475000,-84.29
1276,1276,21484000,-84.18
1277,1277,21493000,-82.73
1278,1278,21502000,-83.0
1279,1279,21511000,-82.47
1280,1280,21520000,-84.4
1281,1281,21529000,-83.67
1282,1282,21538000,-84.62
1283,1283,21547000,-83.58
1284,1284,21556000,-82.64
1285,1285,21565000,-84.62
1286,1286,21574000,-83.0
1287,1287,21583000,-84.62
1288,1288,21592000,-84.62
1289,1289,21601000,-84.62
1290,1290,21610000,-83.1
1291,1291,21619000,-83.77
1292,1292,21628000,-83.77
1293,1293,21637000,-83.67
1294,1294,21646000,-84.4
1295,1295,21655000,-82.13
1296,1296,21664000,-84.84
1297,1297,21673000,-84.62
1298,1298,21682000,-82.38
1299,1299,21691000,-83.38
1300,1300,21700000,-82.82
1301,1301,21709000,-83.1
1302,1302,21718000,-85.06
1303,1303,21727000,-83.87
1304,1304,21736000,-84.61
1305,1305,21745000,-84.5
1306,1306,21754000,-82.91
1307,1307,21763000,-84.18
1308,1308,21772000,-84.84
1309,1309,21781000,-84.18
1310,1310,21790000,-84.18
1311,1311,21799000,-84.18
1312,1312,21808000,-82.64
1313,1313,21817000,-84.14
1314,1314,21826000,-83.64
1315,1315,21835000,-85.02
1316,1316,21844000,-84.9
1317,1317,21853000,-83.35
1318,1318,21862000,-85.86
1319,1319,21871000,-83.45
1320,1320,21880000,-84.46
1321,1321,21889000,-84.14
1322,1322,21898000,-83.25
1323,1323,21907000,-83.54
1324,1324,21916000,-85.49
1325,1325,21925000,-84.68
1326,1326,21934000,-83.45
1327,1327,21943000,-85.01
1328,1328,21952000,-85.37
1329,1329,21961000,-81.87
1330,1330,21970000,-83.83
1331,1331,21979000,-83.64
1332,1332,21988000,-83.94
1333,1333,21997000,-84.79
1334,1334,22006000,-84.04
1335,1335,22015000,-83.07
1336,1336,22024000,-84.04
1337,1337,22033000,-84.78
1338,1338,22042000,-84.68
1339,1339,22051000,-84.56
1340,1340,22060000,-83.83
1341,1341,22069000,-85.01
1342,1342,22078000,-83.64
1343,1343,22087000,-83.64
1344,1344,22096000,-83.64
1345,1345,22105000,-83.25
1346,1346,22114000,-83.83
1347,1347,22123000,-84.68
1348,1348,22132000,-82.89
1349,1349,22141000,-83.54
1350,1350,22150000,-83.25
1351,1351,22159000,-84.68
1352,1352,22168000,-84.14
1353,1353,22177000,-85.37
1354,1354,22186000,-84.03
1355,1355,22195000,-84.25
1356,1356,22204000,-84.03
1357,1357,22213000,-82.98
1358,1358,22222000,-83.44
1359,1359,22231000,-85.49
1360,1360,22240000,-83.83
1361,1361,22249000,-82.89
1362,1362,22258000,-84.9
1363,1363,22267000,-83.83
1364,1364,22276000,-85.25
1365,1365,22285000,-84.03
1366,1366,22294000,-84.03
1367,1367,22303000,-84.68
1368,1368,22312000,-84.46
1369,1369,22321000,-83.83
1370,1370,22330000,-84.24
1371,1371,22339000,-83.73
1372,1372,22348000,-83.83
1373,1373,22357000,-83.94
1374,1374,22366000,-83.83
1375,1375,22375000,-83.25
1376,1376,22384000,-85.36
1377,1377,22393000,-84.03
1378,1378,22402000,-82.79
1379,1379,22411000,-84.46
1380,1380,22420000,-84.53
1381,1381,22429000,-81.91
1382,1382,22438000,-84.0
1383,1383,22447000,-84.64
1384,1384,22456000,-83.41
1385,1385,22465000,-84.1
1386,1386,22474000,-84.32
1387,1387,22483000,-84.0
1388,1388,22492000,-84.0
1389,1389,22501000,-84.1
1390,1390,22510000,-83.21
1391,1391,22519000,-83.8
1392,1392,22528000,-84.42
1393,1393,22537000,-83.9
1394,1394,22546000,-84.0
1395,1395,22555000,-85.33
1396,1396,22564000,-83.6
1397,1397,22573000,-83.9
1398,1398,22582000,-83.31
1399,1399,22591000,-84.42
1400,1400,22600000,-85.09
1401,1401,22609000,-84.53
1402,1402,22618000,-84.1
1403,1403,22627000,-84.0
1404,1404,22636000,-84.1
1405,1405,22645000,-83.41
1406,1406,22654000,-84.64
1407,1407,22663000,-84.86
1408,1408,22672000,-84.86
1409,1409,22681000,-85.21
1410,1410,22690000,-84.86
1411,1411,22699000,-84.64
1412,1412,22708000,-83.79
1413,1413,22717000,-82.5
1414,1414,22726000,-83.03
1415,1415,22735000,-84.64
1416,1416,22744000,-84.64
1417,1417,22753000,-83.79
1418,1418,22762000,-83.03
1419,1419,22771000,-84.64
1420,1420,22780000,-82.85
1421,1421,22789000,-85.7
1422,1422,22798000,-83.79
1423,1423,22807000,-85.33
1424,1424,22816000,-84.31
1425,1425,22825000,-81.91
1426,1426,22834000,-84.86
1427,1427,22843000,-84.1
1428,1428,22852000,-84.21
1429,1429,22861000,-83.9
1430,1430,22870000,-82.85
1431,1431,22879000,-83.6
1432,1432,22888000,-83.6
1433,1433,22897000,-84.31
1434,1434,22906000,-83.79
1435,1435,22915000,-85.09
1436,1436,22924000,-83.6
1437,1437,22933000,-83.6
1438,1438,22942000,-84.64
1439,1439,22951000,-83.79
1440,1440,22960000,-85.09
1441,1441,22969000,-83.79
1442,1442,22978000,-83.99
1443,1443,22987000,-81.9
1444,1444,22996000,-85.45
1445,1445,23005000,-84.42
1446,1446,23014000,-84.86
1447,1447,23023000,-83.99
1448,1448,23032000,-84.21
1449,1449,23041000,-84.74
1450,1450,23050000,-85.33
1451,1451,23059000,-84.86
1452,1452,23068000,-84.1
1453,1453,23077000,-84.21
1454,1454,23086000,-82.15
1455,1455,23095000,-83.99
1456,1456,23104000,-84.52
1457,1457,23113000,-83.5
1458,1458,23122000,-83.6
1459,1459,23131000,-84.64
1460,1460,23140000,-81.66
1461,1461,23149000,-82.66
1462,1462,23158000,-84.97
1463,1463,23167000,-84.42
1464,1464,23176000,-84.2
1465,1465,23185000,-82.32
1466,1466,23194000,-83.69
1467,1467,23203000,-84.2
1468,1468,23212000,-84.52
1469,1469,23221000,-84.64
1470,1470,23230000,-85.32
1471,1471,23239000,-85.09
1472,1472,23248000,-85.32
1473,1473,23257000,-84.86
1474,1474,23266000,-84.64
1475,1475,23275000,-84.42
1476,1476,23284000,-83.02
1477,1477,23293000,-84.42
1478,1478,23302000,-84.2
1479,1479,23311000,-84.42
1480,1480,23320000,-85.32
1481,1481,23329000,-82.85
1482,1482,23338000,-84.2
1483,1483,23347000,-82.75
1484,1484,23356000,-83.59
1485,1485,23365000,-84.41
1486,1486,23374000,-84.1
1487,1487,23383000,-83.99
1488,1488,23392000,-84.52
1489,1489,23401000,-83.79
1490,1490,23410000,-83.89
1491,1491,23419000,-84.31
1492,1492,23428000,-82.75
1493,1493,23437000,-83.99
1494,1494,23446000,-84.41
1495,1495,23455000,-82.49
1496,1496,23464000,-83.59
1497,1497,23473000,-85.08
1498,1498,23482000,-84.85
1499,1499,23491000,-84.2
1500,1500,23500000,-83.02
1501,1501,23509000,-83.5
1502,1502,23518000,-83.5
1503,1503,23527000,-82.57
1504,1504,23536000,-82.07
1505,1505,23545000,-82.23
1506,1506,23554000,-84.41
1507,1507,23563000,-84.2
1508,1508,23572000,-83.12
1509,1509,23581000,-85.32
1510,1510,23590000,-81.2
1511,1511,23599000,-83.59
1512,1512,23608000,-83.99
1513,1513,23617000,-83.99
1514,1514,23626000,-85.08
1515,1515,23635000,-84.31
1516,1516,23644000,-85.08
1517,1517,23653000,-84.85
1518,1518,23662000,-84.09
1519,1519,23671000,-84.41
1520,1520,23680000,-82.49
1521,1521,23689000,-84.31
1522,1522,23698000,-84.41
1523,1523,23707000,-84.85
1524,1524,23716000,-83.59
1525,1525,23725000,-83.89
1526,1526,23734000,-83.59
1527,1527,23743000,-84.63
1528,1528,23752000,-83.89
1529,1529,23761000,-84.41
1530,1530,23770000,-83.49
1531,1531,23779000,-83.4
1532,1532,23788000,-83.11
1533,1533,23797000,-83.79
1534,1534,23806000,-83.4
1535,1535,23815000,-83.4
1536,1536,23824000,-83.3
1537,1537,23833000,-83.2
1538,1538,23842000,-83.78
1539,1539,23851000,-83.78
1540,1540,23860000,-84.2
1541,1541,23869000,-83.78
1542,1542,23878000,-83.4
1543,1543,23887000,-84.85
1544,1544,23896000,-84.3
1545,1545,23905000,-84.85
1546,1546,23914000,-83.89
1547,1547,23923000,-84.85
1548,1548,23932000,-83.59
1549,1549,23941000,-85.32
1550,1550,23950000,-85.08
1551,1551,23959000,-83.59
1552,1552,23968000,-82.65
1553,1553,23977000,-83.69
1554,1554,23986000,-83.59
1555,1555,23995000,-84.41
1556,1556,24004000,-82.49
1557,1557,24013000,-85.2
1558,1558,24022000,-85.44
1559,1559,24031000,-83.11
1560,1560,24040000,-82.65
1561,1561,24049000,-84.41
1562,1562,24058000,-83.89
1563,1563,24067000,-84.51
1564,1564,24076000,-84.74
1565,1565,24085000,-84.85
1566,1566,24094000,-83.78
1567,1567,24103000,-84.85
1568,1568,24112000,-83.2
1569,1569,24121000,-83.78
1570,1570,24130000,-84.63
1571,1571,24139000,-84.41
1572,1572,24148000,-84.09
1573,1573,24157000,-83.99
1574,1574,24166000,-84.41
1575,1575,24175000,-83.69
1576,1576,24184000,-84.77
1577,1577,24193000,-83.43
1578,1578,24202000,-84.44
1579,1579,24211000,-83.72
1580,1580,24220000,-83.72
1581,1581,24229000,-83.62
1582,1582,24238000,-84.02
1583,1583,24247000,-84.34
1584,1584,24256000,-82.69
1585,1585,24265000,-84.44
1586,1586,24274000,-83.92
1587,1587,24283000,-84.44
1588,1588,24292000,-83.33
1589,1589,24301000,-81.16
1590,1590,24310000,-85.23
1591,1591,24319000,-82.87
1592,1592,24328000,-83.81
1593,1593,24337000,-84.33
1594,1594,24346000,-83.33
1595,1595,24355000,-82.34
1596,1596,24364000,-84.44
1597,1597,24373000,-82.6
1598,1598,24382000,-81.77
1599,1599,24391000,-84.44
1600,1600,24400000,-84.77
1601,1601,24409000,-82.52
1602,1602,24418000,-84.02
1603,1603,24427000,-84.23
1604,1604,24436000,-82.6
1605,1605,24445000,-84.23
1606,1606,24454000,-84.66
1607,1607,24463000,-84.88
1608,1608,24472000,-84.44
1609,1609,24481000,-83.81
1610,1610,24490000,-84.02
1611,1611,24499000,-83.23
1612,1612,24508000,-83.62
1613,1613,24517000,-83.33
1614,1614,24526000,-82.68
1615,1615,24535000,-84.33
1616,1616,24544000,-83.81
1617,1617,24553000,-84.76
1618,1618,24562000,-83.33
1619,1619,24571000,-83.33
1620,1620,24580000,-85.11
1621,1621,24589000,-84.76
1622,1622,24598000,-83.62
1623,1623,24607000,-83.62
1624,1624,24616000,-84.23
1625,1625,24625000,-84.76
1626,1626,24634000,-83.62
1627,1627,24643000,-82.77
1628,1628,24652000,-83.81
1629,1629,24661000,-83.23
1630,1630,24670000,-84.76
1631,1631,24679000,-84.23
1632,1632,24688000,-84.54
1633,1633,24697000,-82.09
1634,1634,24706000,-83.62
1635,1635,24715000,-84.23
1636,1636,24724000,-84.44
1637,1637,24733000,-84.88
1638,1638,24742000,-84.88
1639,1639,24751000,-84.23
1640,1640,24760000,-83.52
1641,1641,24769000,-81.61
1642,1642,24778000,-84.44
1643,1643,24787000,-84.44
1644,1644,24796000,-84.12
1645,1645,24805000,-81.53
1646,1646,24814000,-83.42
1647,1647,24823000,-84.22
1648,1648,24832000,-84.22
1649,1649,24841000,-82.51
1650,1650,24850000,-82.43
1651,1651,24859000,-83.81
1652,1652,24868000,-83.62
1653,1653,24877000,-82.43
1654,1654,24886000,-84.01
1655,1655,24895000,-83.62
1656,1656,24904000,-83.23
1657,1657,24913000,-83.14
1658,1658,24922000,-82.87
1659,1659,24931000,-84.66
1660,1660,24940000,-83.52
1661,1661,24949000,-85.71
1662,1662,24958000,-83.23
1663,1663,24967000,-84.66
1664,1664,24976000,-83.42
1665,1665,24985000,-82.59
1666,1666,24994000,-82.95
1667,1667,25003000,-84.54
1668,1668,25012000,-85.84
1669,1669,25021000,-84.99
1670,1670,25030000,-83.04
1671,1671,25039000,-82.68
1672,1672,25048000,-85.1
1673,1673,25057000,-84.33
1674,1674,25066000,-84.43
1675,1675,25075000,-83.23
1676,1676,25084000,-84.76
1677,1677,25093000,-84.99
1678,1678,25102000,-82.95
1679,1679,25111000,-84.43
1680,1680,25120000,-85.1
1681,1681,25129000,-83.04
1682,1682,25138000,-84.01
1683,1683,25147000,-83.32
1684,1684,25156000,-84.99
1685,1685,25165000,-84.87
1686,1686,25174000,-84.54
1687,1687,25183000,-85.34
1688,1688,25192000,-84.65
1689,1689,25201000,-84.99
1690,1690,25210000,-84.65
1691,1691,25219000,-83.61
1692,1692,25228000,-84.01
1693,1693,25237000,-84.43
1694,1694,25246000,-83.42
1695,1695,25255000,-84.22
1696,1696,25264000,-82.33
1697,1697,25273000,-84.33
1698,1698,25282000,-83.04
1699,1699,25291000,-83.81
1700,1700,25300000,-83.52
1701,1701,25309000,-85.46
1702,1702,25318000,-82.17
1703,1703,25327000,-84.65
1704,1704,25336000,-85.34
1705,1705,25345000,-84.22
1706,1706,25354000,-84.33
1707,1707,25363000,-83.61
1708,1708,25372000,-84.11
1709,1709,25381000,-84.33
1710,1710,25390000,-83.51
1711,1711,25399000,-83.91
1712,1712,25408000,-83.91
1713,1713,25417000,-83.71
1714,1714,25426000,-85.23
1715,1715,25435000,-82.25
1716,1716,25444000,-84.22
1717,1717,25453000,-84.87
1718,1718,25462000,-84.01
1719,1719,25471000,-83.51
1720,1720,25480000,-83.51
1721,1721,25489000,-82.86
1722,1722,25498000,-85.1
1723,1723,25507000,-82.51
1724,1724,25516000,-83.32
1725,1725,25525000,-82.68
1726,1726,25534000,-83.42
1727,1727,25543000,-84.22
1728,1728,25552000,-84.32
1729,1729,25561000,-83.91
1730,1730,25570000,-83.91
1731,1731,25579000,-83.8
1732,1732,25588000,-85.1
1733,1733,25597000,-84.01
1734,1734,25606000,-83.42
1735,1735,25615000,-85.1
1736,1736,25624000,-84.22
1737,1737,25633000,-84.76
1738,1738,25642000,-84.54
1739,1739,25651000,-84.43
1740,1740,25660000,-85.34
1741,1741,25669000,-85.1
1742,1742,25678000,-83.22
1743,1743,25687000,-83.22
1744,1744,25696000,-83.42
1745,1745,25705000,-83.42
1746,1746,25714000,-84.65
1747,1747,25723000,-84.01
1748,1748,25732000,-82.76
1749,1749,25741000,-84.01
1750,1750,25750000,-84.43
1751,1751,25759000,-84.87
1752,1752,25768000,-83.41
1753,1753,25777000,-84.01
1754,1754,25786000,-82.08
1755,1755,25795000,-83.04
1756,1756,25804000,-83.71
1757,1757,25813000,-83.41
1758,1758,25822000,-82.67
1759,1759,25831000,-83.71
1760,1760,25840000,-84.53
1761,1761,25849000,-84.22
1762,1762,25858000,-84.53
1763,1763,25867000,-85.22
1764,1764,25876000,-83.91
1765,1765,25885000,-84.0
1766,1766,25894000,-84.43
1767,1767,25903000,-82.95
1768,1768,25912000,-83.03
1769,1769,25921000,-85.34
1770,1770,25930000,-82.58
1771,1771,25939000,-85.96
1772,1772,25948000,-83.51
1773,1773,25957000,-83.8
1774,1774,25966000,-84.53
1775,1775,25975000,-82.5
1776,1776,25984000,-83.41
1777,1777,25993000,-83.61
1778,1778,26002000,-84.22
1779,1779,26011000,-84.43
1780,1780,26020000,-83.61
1781,1781,26029000,-84.32
1782,1782,26038000,-83.7
1783,1783,26047000,-82.76
1784,1784,26056000,-83.61
1785,1785,26065000,-85.1
1786,1786,26074000,-82.86
1787,1787,26083000,-85.33
1788,1788,26092000,-84.43
1789,1789,26101000,-83.91
1790,1790,26110000,-84.87
1791,1791,26119000,-83.61
1792,1792,26128000,-83.41
1793,1793,26137000,-83.8
1794,1794,26146000,-83.41
1795,1795,26155000,-84.11
1796,1796,26164000,-84.0
1797,1797,26173000,-84.11
1798,1798,26182000,-85.33
1799,1799,26191000,-83.13
1800,1800,26200000,-83.13
1801,1801,26209000,-80.92
1802,1802,26218000,-84.65
1803,1803,26227000,-84.65
1804,1804,26236000,-82.67
1805,1805,26245000,-84.87
1806,1806,26254000,-84.53
1807,1807,26263000,-84.21
1808,1808,26272000,-83.9
1809,1809,26281000,-84.0
1810,1810,26290000,-85.09
1811,1811,26299000,-84.11
1812,1812,26308000,-84.98
1813,1813,26317000,-83.8
1814,1814,26326000,-84.32
1815,1815,26335000,-82.58
1816,1816,26344000,-84.64
1817,1817,26353000,-83.31
1818,1818,26362000,-83.22
1819,1819,26371000,-83.8
1820,1820,26380000,-84.75
1821,1821,26389000,-83.7
1822,1822,26398000,-83.8
1823,1823,26407000,-83.31
1824,1824,26416000,-83.22
1825,1825,26425000,-84.64
1826,1826,26434000,-85.7
1827,1827,26443000,-84.0
1828,1828,26452000,-83.8
1829,1829,26461000,-83.6
1830,1830,26470000,-84.42
1831,1831,26479000,-84.11
1832,1832,26488000,-83.8
1833,1833,26497000,-85.33
1834,1834,26506000,-83.8
1835,1835,26515000,-82.85
1836,1836,26524000,-84.53
1837,1837,26533000,-82.94
1838,1838,26542000,-84.32
1839,1839,26551000,-83.31
1840,1840,26560000,-84.14
1841,1841,26569000,-82.43
1842,1842,26578000,-83.54
1843,1843,26587000,-84.46
1844,1844,26596000,-84.8
1845,1845,26605000,-83.73
1846,1846,26614000,-84.25
1847,1847,26623000,-84.36
1848,1848,26632000,-84.14
1849,1849,26641000,-83.93
1850,1850,26650000,-84.04
1851,1851,26659000,-82.43
1852,1852,26668000,-83.34
1853,1853,26677000,-85.26
1854,1854,26686000,-82.69
1855,1855,26695000,-83.73
1856,1856,26704000,-84.35
1857,1857,26713000,-84.35
1858,1858,26722000,-84.14
1859,1859,26731000,-82.78
1860,1860,26740000,-84.8
1861,1861,26749000,-84.35
1862,1862,26758000,-83.53
1863,1863,26767000,-84.14
1864,1864,26776000,-83.93
1865,1865,26785000,-83.73
1866,1866,26794000,-83.73
1867,1867,26803000,-82.51
1868,1868,26812000,-82.78
1869,1869,26821000,-83.24
1870,1870,26830000,-85.26
1871,1871,26839000,-84.35
1872,1872,26848000,-84.14
1873,1873,26857000,-83.53
1874,1874,26866000,-84.57
1875,1875,26875000,-83.83
1876,1876,26884000,-82.87
1877,1877,26893000,-85.15
1878,1878,26902000,-84.91
1879,1879,26911000,-82.6
1880,1880,26920000,-84.04
1881,1881,26929000,-86.28
1882,1882,26938000,-84.57
1883,1883,26947000,-84.46
1884,1884,26956000,-84.68
1885,1885,26965000,-83.93
1886,1886,26974000,-83.73
1887,1887,26983000,-83.83
1888,1888,26992000,-84.91
1889,1889,27001000,-85.02
1890,1890,27010000,-84.35
1891,1891,27019000,-85.26
1892,1892,27028000,-84.46
1893,1893,27037000,-84.35
1894,1894,27046000,-83.93
1895,1895,27055000,-84.68
1896,1896,27064000,-84.14
1897,1897,27073000,-84.03
1898,1898,27082000,-83.73
1899,1899,27091000,-83.14
1900,1900,27100000,-83.34
1901,1901,27109000,-83.34
1902,1902,27118000,-83.63
1903,1903,27127000,-82.43
1904,1904,27136000,-82.6
1905,1905,27145000,-85.42
1906,1906,27154000,-84.28
1907,1907,27163000,-83.86
1908,1908,27172000,-83.76
1909,1909,27181000,-82.46
1910,1910,27190000,-84.83
1911,1911,27199000,-83.66
1912,1912,27208000,-85.29
1913,1913,27217000,-81.4
1914,1914,27226000,-84.17
1915,1915,27235000,-84.71
1916,1916,27244000,-82.72
1917,1917,27253000,-83.66
1918,1918,27262000,-84.94
1919,1919,27271000,-84.38
1920,1920,27280000,-83.37
1921,1921,27289000,-83.37
1922,1922,27298000,-84.38
1923,1923,27307000,-84.6
1924,1924,27316000,-84.38
1925,1925,27325000,-82.72
1926,1926,27334000,-82.37
1927,1927,27343000,-83.56
1928,1928,27352000,-83.96
1929,1929,27361000,-83.76
1930,1930,27370000,-83.76
1931,1931,27379000,-83.76
1932,1932,27388000,-83.66
1933,1933,27397000,-84.17
1934,1934,27406000,-84.49
1935,1935,27415000,-85.29
1936,1936,27424000,-84.17
1937,1937,27433000,-85.18
1938,1938,27442000,-85.92
1939,1939,27451000,-83.96
1940,1940,27460000,-85.05
1941,1941,27469000,-84.71
1942,1942,27478000,-83.76
1943,1943,27487000,-85.18
1944,1944,27496000,-83.86
1945,1945,27505000,-83.76
1946,1946,27514000,-84.71
1947,1947,27523000,-85.05
1948,1948,27532000,-82.2
1949,1949,27541000,-85.05
1950,1950,27550000,-83.66
1951,1951,27559000,-82.46
1952,1952,27568000,-82.54
1953,1953,27577000,-85.29
1954,1954,27586000,-84.28
1955,1955,27595000,-85.54
1956,1956,27604000,-84.17
1957,1957,27613000,-81.17
1958,1958,27622000,-84.6
1959,1959,27631000,-83.66
1960,1960,27640000,-83.86
1961,1961,27649000,-85.05
1962,1962,27658000,-83.56
1963,1963,27667000,-82.03
1964,1964,27676000,-84.6
1965,1965,27685000,-83.86
1966,1966,27694000,-85.05
1967,1967,27703000,-85.17
1968,1968,27712000,-83.56
1969,1969,27721000,-84.17
1970,1970,27730000,-82.81
1971,1971,27739000,-85.17
1972,1972,27748000,-83.96
1973,1973,27757000,-83.96
1974,1974,27766000,-83.17
1975,1975,27775000,-82.99
1976,1976,27784000,-83.17
1977,1977,27793000,-84.17
1978,1978,27802000,-84.82
1979,1979,27811000,-84.82
1980,1980,27820000,-83.46
1981,1981,27829000,-83.56
1982,1982,27838000,-82.99
1983,1983,27847000,-85.29
1984,1984,27856000,-84.6
1985,1985,27865000,-84.6
1986,1986,27874000,-84.82
1987,1987,27883000,-84.27
1988,1988,27892000,-83.36
1989,1989,27901000,-83.56
1990,1990,27910000,-83.86
1991,1991,27919000,-84.82
1992,1992,27928000,-83.66
1993,1993,27937000,-83.46
1994,1994,27946000,-83.56
1995,1995,27955000,-83.75
1996,1996,27964000,-83.27
1997,1997,27973000,-82.98
1998,1998,27982000,-84.17
1999,1999,27991000,-83.95
2000,2000,28000000,-85.05
2001,2001,28009000,-84.93
2002,2002,28018000,-83.46
2003,2003,28027000,-85.05
2004,2004,28036000,-82.98
2005,2005,28045000,-85.05
2006,2006,28054000,-84.38
2007,2007,28063000,-85.17
2008,2008,28072000,-84.17
2009,2009,28081000,-85.29
2010,2010,28090000,-84.93
2011,2011,28099000,-83.08
2012,2012,28108000,-85.29
2013,2013,28117000,-83.75
2014,2014,28126000,-82.45
2015,2015,28135000,-84.7
2016,2016,28144000,-84.16
2017,2017,28153000,-81.55
2018,2018,28162000,-85.41
2019,2019,28171000,-85.05
2020,2020,28180000,-84.7
2021,2021,28189000,-83.95
2022,2022,28198000,-84.48
2023,2023,28207000,-83.08
2024,2024,28216000,-84.16
2025,2025,28225000,-82.45
2026,2026,28234000,-84.06
2027,2027,28243000,-82.53
2028,2028,28252000,-83.95
2029,2029,28261000,-84.38
2030,2030,28270000,-83.95
2031,2031,28279000,-83.56
2032,2032,28288000,-83.08
2033,2033,28297000,-84.6
2034,2034,28306000,-83.95
2035,2035,28315000,-82.89
2036,2036,28324000,-83.75
2037,2037,28333000,-84.63
2038,2038,28342000,-84.96
2039,2039,28351000,-83.98
2040,2040,28360000,-83.2
2041,2041,28369000,-83.78
2042,2042,28378000,-84.2
2043,2043,28387000,-85.08
2044,2044,28396000,-84.63
2045,2045,28405000,-84.09
2046,2046,28414000,-85.32
2047,2047,28423000,-83.78
2048,2048,28432000,-84.09
2049,2049,28441000,-84.73
2050,2050,28450000,-84.3
2051,2051,28459000,-83.2
2052,2052,28468000,-84.2
2053,2053,28477000,-83.59
2054,2054,28486000,-84.85
2055,2055,28495000,-84.41
2056,2056,28504000,-83.2
2057,2057,28513000,-83.39
2058,2058,28522000,-84.51
2059,2059,28531000,-84.3
2060,2060,28540000,-85.08
2061,2061,28549000,-84.63
2062,2062,28558000,-83.2
2063,2063,28567000,-83.49
2064,2064,28576000,-82.4
2065,2065,28585000,-84.09
2066,2066,28594000,-84.41
2067,2067,28603000,-83.01
2068,2068,28612000,-84.3
2069,2069,28621000,-83.68
2070,2070,28630000,-84.51
2071,2071,28639000,-84.63
2072,2072,28648000,-84.85
2073,2073,28657000,-84.85
2074,2074,28666000,-83.98
2075,2075,28675000,-83.59
2076,2076,28684000,-84.96
2077,2077,28693000,-83.29
2078,2078,28702000,-84.63
2079,2079,28711000,-84.63
2080,2080,28720000,-83.2
2081,2081,28729000,-83.01
2082,2082,28738000,-81.81
2083,2083,28747000,-81.49
2084,2084,28756000,-81.73
2085,2085,28765000,-82.65
2086,2086,28774000,-82.56
2087,2087,28783000,-82.83
2088,2088,28792000,-84.73
2089,2089,28801000,-85.44
2090,2090,28810000,-83.01
2091,2091,28819000,-83.39
2092,2092,28828000,-85.44
2093,2093,28837000,-84.4
2094,2094,28846000,-84.09
2095,2095,28855000,-83.98
2096,2096,28864000,-84.51
2097,2097,28873000,-84.84
2098,2098,28882000,-83.88
2099,2099,28891000,-84.84
2100,2100,28900000,-83.88
2101,2101,28909000,-84.62
2102,2102,28918000,-84.37
2103,2103,28927000,-84.16
2104,2104,28936000,-84.59
2105,2105,28945000,-85.16
2106,2106,28954000,-83.07
2107,2107,28963000,-84.37
2108,2108,28972000,-85.53
2109,2109,28981000,-84.37
2110,2110,28990000,-84.16
2111,2111,28999000,-84.16
2112,2112,29008000,-83.74
2113,2113,29017000,-83.36
2114,2114,29026000,-83.16
2115,2115,29035000,-83.16
2116,2116,29044000,-84.7
2117,2117,29053000,-84.59
2118,2118,29062000,-83.74
2119,2119,29071000,-82.61
2120,2120,29080000,-82.89
2121,2121,29089000,-82.61
2122,2122,29098000,-84.26
2123,2123,29107000,-83.55
2124,2124,29116000,-79.75
2125,2125,29125000,-84.37
2126,2126,29134000,-84.37
2127,2127,29143000,-84.37
2128,2128,29152000,-84.16
2129,2129,29161000,-83.35
2130,2130,29170000,-83.16
2131,2131,29179000,-82.8
2132,2132,29188000,-84.16
2133,2133,29197000,-84.47
2134,2134,29206000,-82.97
2135,2135,29215000,-83.94
2136,2136,29224000,-83.64
2137,2137,29233000,-85.16
2138,2138,29242000,-83.94
2139,2139,29251000,-82.44
2140,2140,29260000,-83.74
2141,2141,29269000,-83.94
2142,2142,29278000,-83.94
2143,2143,29287000,-84.37
2144,2144,29296000,-83.74
2145,2145,29305000,-84.59
2146,2146,29314000,-84.37
2147,2147,29323000,-84.47
2148,2148,29332000,-83.16
2149,2149,29341000,-84.81
2150,2150,29350000,-83.07
2151,2151,29359000,-84.69
2152,2152,29368000,-82.89
2153,2153,29377000,-83.74
2154,2154,29386000,-82.8
2155,2155,29395000,-82.88
2156,2156,29404000,-83.74
2157,2157,29413000,-83.07
2158,2158,29422000,-84.15
2159,2159,29431000,-83.55
2160,2160,29440000,-84.37
2161,2161,29449000,-85.77
2162,2162,29458000,-84.15
2163,2163,29467000,-83.74
2164,2164,29476000,-82.27
2165,2165,29485000,-83.94
2166,2166,29494000,-82.97
2167,2167,29503000,-83.74
2168,2168,29512000,-83.16
2169,2169,29521000,-84.59
2170,2170,29530000,-83.94
2171,2171,29539000,-83.35
2172,2172,29548000,-83.45
2173,2173,29557000,-85.04
2174,2174,29566000,-83.25
2175,2175,29575000,-84.69
2176,2176,29584000,-84.36
2177,2177,29593000,-84.59
2178,2178,29602000,-85.77
2179,2179,29611000,-84.47
2180,2180,29620000,-81.3
2181,2181,29629000,-82.35
2182,2182,29638000,-84.36
2183,2183,29647000,-84.47
2184,2184,29656000,-84.47
2185,2185,29665000,-84.15
2186,2186,29674000,-82.79
2187,2187,29683000,-83.54
2188,2188,29692000,-84.81
2189,2189,29701000,-83.74
2190,2190,29710000,-83.16
2191,2191,29719000,-81.93
2192,2192,29728000,-85.52
2193,2193,29737000,-83.54
2194,2194,29746000,-82.97
2195,2195,29755000,-83.74
2196,2196,29764000,-82.52
2197,2197,29773000,-82.97
2198,2198,29782000,-83.74
2199,2199,29791000,-84.15
2200,2200,29800000,-84.05
2201,2201,29809000,-83.84
2202,2202,29818000,-84.36
2203,2203,29827000,-84.92
2204,2204,29836000,-84.05
2205,2205,29845000,-83.15
2206,2206,29854000,-85.27
2207,2207,29863000,-84.8
2208,2208,29872000,-84.58
2209,2209,29881000,-83.07
2210,2210,29890000,-83.74
2211,2211,29899000,-83.84
2212,2212,29908000,-84.92
2213,2213,29917000,-84.15
2214,2214,29926000,-85.76
2215,2215,29935000,-84.69
2216,2216,29944000,-83.54
2217,2217,29953000,-84.15
2218,2218,29962000,-83.74
2219,2219,29971000,-82.88
2220,2220,29980000,-79.13
2221,2221,29989000,-68.81
2222,2222,29998000,-46.47
2223,2223,30000000,-60.16
